Algorytm : BackPropagationLearning
Test : Liczba neuronów w pierwszej warstwie
Czas nauki - 200 epok
Liczba danych do nauki - 13104
Liczba danych do testow - 2683
Wyniki : 
liczba neuronow;learning rate;wynik
1;746,509350580581;82,56
2;713,98562538316;82,89
3;705,887007523094;82,93
4;713,184141247882;82,52
5;701,819904808253;82,18
6;681,982460526;82,82
7;680,069037861953;83,08
8;678,711645411177;82,93
9;676,589847383995;83,27
10;672,012516405828;83,27
11;678,907528431211;83,41
12;694,459812091842;82,97
13;686,154922000693;83,27
14;674,125567184103;83,30
Algorytm : BackPropagationLearning
Test : Czas nauki liczony w epokach
Liczba neuronow w pierwszej warstwie - 4
Liczba danych do nauki - 13104
Liczba danych do testow - 2683
Wyniki : 
10;82,22
20;82,30
30;82,41
40;82,33
50;82,48
60;82,52
70;82,78
80;82,78
90;82,82
100;83,08
110;83,08
120;82,93
130;83,04
140;83,00
150;82,97
160;82,45
170;82,78
180;83,00
190;82,93
200;83,30
210;83,23
220;82,86
230;82,74
240;83,12
250;83,34
260;82,86
270;82,82
280;83,19
290;83,45
300;83,00
310;82,82
320;83,19
330;83,00
340;82,93
350;83,30
360;83,38
370;82,89
380;82,97
390;83,19
400;82,45
410;83,27
420;83,19
430;83,45
440;83,49
450;83,12
460;83,41
470;83,49
480;83,04
490;83,53
500;83,08
510;83,53
520;83,49
530;83,45
540;83,45
550;83,60
560;83,19
570;83,34
580;82,97
590;83,38
600;83,19
610;83,12
620;83,53
630;83,00
640;83,23
650;83,19
660;83,34
670;83,15
680;83,38
690;83,38
700;82,78
710;82,89
720;83,34
730;83,12
740;83,23
750;83,41
760;83,04
770;83,30
780;83,27
790;83,23
800;83,53
810;83,34
820;83,15
830;83,30
840;83,45
850;83,19
860;83,27
870;83,27
880;83,23
890;83,23
900;83,27
910;83,56
920;83,23
930;83,23
940;83,34
950;83,27
960;83,38
970;83,41
980;83,27
990;83,23
1000;83,30
Algorytm : BackPropagationLearning
Test : Ilosc poprawnych oszacowan z rzedu
Liczba neuronow w pierwszej warstwie - 4
Max czas nauki - 2000 epok
Liczba danych do nauki - 13104
Liczba danych do testow - 2683
Wyniki : 
ilosc poprawnych oszacowan;czas nauki;wynik
1;1 epoch;78,31
2;1 epoch;74,02
3;1 epoch;79,43
4;2000 epoch;83,41
5;2000 epoch;83,27
6;2000 epoch;83,49
7;2000 epoch;82,89
8;2000 epoch;83,19
Algorytm : BackPropagationLearning
Test : Ilosc danych do nauki
Liczba neuronow w pierwszej warstwie - 4
Max czas nauki - 200 epok
Liczba danych do testow - 2683
Wyniki : 
ilosc danych;learning rate;wynik
131;696,028249410804;83,45
262;697,495673939984;83,45
393;688,276380442822;82,67
524;705,007042340549;82,89
655;704,64392021841;83,00
786;697,681759718019;82,86
917;700,796257196471;83,15
1048;704,581134811972;83,15
1179;704,498575507892;82,78
1310;690,959861151349;82,63
1441;704,604046147739;82,78
1572;690,497637218214;83,41
1703;695,745021450493;83,15
1834;690,092610916544;83,38
1965;702,440666997977;83,08
2096;702,334577886998;83,12
2227;698,209418179213;83,23
2358;692,484220766903;83,30
2489;688,418941639115;83,53
2620;688,391647549641;82,82
2751;691,623463536667;83,15
2882;695,961233795219;83,12
3013;701,025721938162;82,82
3144;695,227859539586;83,53
3276;693,530868755449;83,27
3407;689,467833227736;83,56
3538;694,583275336542;82,89
3669;705,655191255417;82,97
3800;695,548529187619;83,49
3931;701,11418819572;83,19
4062;703,274751583673;82,93
4193;704,714937932717;82,89
4324;698,238429762631;83,45
4455;688,011427622721;82,93
4586;687,70941053043;83,27
4717;702,448977224466;82,67
4848;705,559964260799;83,04
4979;688,681473678463;83,04
5110;704,760254546374;82,97
5241;706,366758720882;83,04
5372;691,464738810696;83,41
5503;694,16133237677;83,27
5634;695,628441844718;83,27
5765;696,968940332368;83,27
5896;702,289665696934;83,27
6027;690,905606713215;82,78
6158;702,599622013199;82,93
6289;693,834305195877;83,49
6420;698,61842976524;83,27
6552;705,313529007666;82,74
6683;704,340195663537;82,82
6814;690,362719505571;83,41
6945;702,576046693397;83,12
7076;695,849718952775;83,38
7207;689,829479606094;83,30
7338;703,081302133404;83,04
7469;692,818884210036;83,34
7600;705,479988144237;82,74
7731;701,073312618541;82,86
7862;705,467204879006;82,97
7993;693,205733111214;83,23
8124;693,828801953748;83,38
8255;693,788412643414;83,38
8386;699,75049523878;83,08
8517;697,768764674506;83,41
8648;714,461440355816;82,93
8779;697,889917680621;83,34
8910;700,79736809652;82,89
9041;693,361569970799;82,37
9172;696,808971246424;82,71
9303;694,017870147876;83,23
9434;705,84025810194;83,00
9565;690,048505121579;83,38
9696;687,7153680768;83,19
9828;697,591874683802;83,38
9959;702,059016599424;83,27
10090;694,910438785079;83,38
10221;712,57184305863;82,86
10352;696,795353488563;82,59
10483;694,709000178343;83,30
10614;705,653113695556;83,04
10745;690,698440857384;83,08
10876;694,421484278601;83,04
11007;690,023617099569;83,45
11138;687,842410311137;82,93
11269;702,295511159698;82,86
11400;720,34580805177;82,67
11531;700,1285215294;83,19
11662;696,280608189548;82,97
11793;692,004795138974;83,19
11924;692,527228199239;83,45
12055;694,827979747343;82,86
12186;700,673813458535;83,15
12317;705,448187907621;82,78
12448;704,386382516161;83,15
12579;704,959838551828;82,71
12710;704,561904727326;82,89
12841;704,760037333747;83,04
12972;705,767118983896;82,89
13104;690,641050768367;83,23
