Algorytm : BackPropagationLearning
Test : Liczba neuronów w pierwszej warstwie
Czas nauki - 200 epok
Liczba danych do nauki - 4516
Liczba danych do testow - 1129
Wyniki : 
liczba neuronow;learning rate;wynik
1;332,809774246534;82,46
2;318,289013563967;81,93
3;312,466861962067;83,61
4;305,651588725906;83,35
5;300,862607354289;81,67
6;299,692234284467;82,73
7;296,936001723822;80,69
8;290,6139802336;82,46
9;295,70756760938;81,67
10;300,681372922032;82,02
11;297,754035897322;80,87
12;297,60134308422;80,07
13;288,013601428009;82,20
14;1082,49939335791;49,96
Algorytm : BackPropagationLearning
Test : Czas nauki liczony w epokach
Liczba neuronow w pierwszej warstwie - 4
Liczba danych do nauki - 4516
Liczba danych do testow - 1129
Wyniki : 
10;81,93
20;82,37
30;82,11
40;83,26
50;83,26
60;82,11
70;83,08
80;79,81
90;82,11
100;82,82
110;82,73
120;82,29
130;81,40
140;82,55
150;82,46
160;83,17
170;81,49
180;82,11
190;82,99
200;82,02
210;81,31
220;81,75
230;83,26
240;81,84
250;81,49
260;81,49
270;81,40
280;81,22
290;82,82
300;83,17
310;82,29
320;82,55
330;81,13
340;81,13
350;79,89
360;81,13
370;82,29
380;82,64
390;79,81
400;81,40
410;81,22
420;82,02
430;81,49
440;80,87
450;82,02
460;82,20
470;81,58
480;83,61
490;80,78
500;82,91
510;81,67
520;80,78
530;81,13
540;82,64
550;81,31
560;81,05
570;80,43
580;82,46
590;80,87
600;81,67
610;80,96
620;79,89
630;80,43
640;81,75
650;81,58
660;80,60
670;82,20
680;80,07
690;82,64
700;81,75
710;81,84
720;80,25
730;82,46
740;82,64
750;82,73
760;80,69
770;81,75
780;81,93
790;82,20
800;80,16
810;82,99
820;81,84
830;82,37
840;81,84
850;81,13
860;81,13
870;80,69
880;82,29
890;81,13
900;81,31
910;80,69
920;81,22
930;75,11
940;81,13
950;81,49
960;81,22
970;81,05
980;79,19
990;80,78
1000;81,40
Algorytm : BackPropagationLearning
Test : Ilosc poprawnych oszacowan z rzedu
Liczba neuronow w pierwszej warstwie - 4
Max czas nauki - 2000 epok
Liczba danych do nauki - 4516
Liczba danych do testow - 1129
Wyniki : 
ilosc poprawnych oszacowan;czas nauki;wynik
1;1 epoch;50,04
2;1 epoch;77,86
3;1 epoch;50,04
4;3 epoch;81,40
5;2000 epoch;82,55
6;2000 epoch;81,49
7;2000 epoch;79,54
8;2000 epoch;81,13
Algorytm : BackPropagationLearning
Test : Ilosc danych do nauki
Liczba neuronow w pierwszej warstwie - 4
Max czas nauki - 200 epok
Liczba danych do testow - 1129
Wyniki : 
ilosc danych;learning rate;wynik
45;302,610999470222;83,79
90;303,088017596896;82,20
135;305,093857208315;82,73
180;302,074562611301;81,58
225;311,914007139081;82,55
270;300,758867843633;82,64
316;297,970385605296;83,17
361;307,968063613843;81,22
406;302,422608501595;82,46
451;302,716634905953;82,82
496;305,700614668871;81,84
541;302,730294620403;82,20
587;300,397226892126;82,91
632;302,196301130899;82,82
677;299,077091789904;82,20
722;311,550906498178;81,49
767;307,408869018645;82,11
812;300,32936105714;82,37
858;305,368668354827;81,40
903;305,677597161804;82,91
948;301,575693932255;83,70
993;306,60513041129;81,31
1038;307,592798471215;81,84
1083;302,335409599817;83,35
1129;301,308049012918;83,61
1174;300,576793754221;83,26
1219;307,919137145981;83,53
1264;301,010937667044;81,40
1309;308,125775455004;82,20
1354;308,755229816055;81,40
1399;304,087735346694;83,53
1445;305,637032611844;82,91
1490;305,058054668989;81,22
1535;309,314445001868;81,31
1580;309,501751367096;82,02
1625;312,050542821485;81,93
1670;304,76569979017;80,60
1716;302,602686880472;82,37
1761;305,65485262988;81,31
1806;301,066660201669;83,26
1851;305,981638765769;82,37
1896;302,562696262025;81,49
1941;302,24270568189;82,46
1987;305,599237577725;83,17
2032;302,744228899248;82,73
2077;302,985451840835;81,67
2122;304,330802615244;81,13
2167;303,700436754959;80,78
2212;305,853338113943;82,91
2258;300,021564645675;82,11
2303;300,756692349628;83,08
2348;307,003985961417;81,05
2393;306,220067763948;81,67
2438;311,556224684167;81,40
2483;300,928717582648;83,79
2528;302,189231285368;83,53
2574;310,82905062406;82,02
2619;304,170435302488;83,26
2664;307,966964826763;82,37
2709;302,452749756825;83,26
2754;305,339952569263;81,05
2799;297,77631278167;81,93
2845;305,452899736885;81,31
2890;309,471222153757;81,13
2935;303,505959488573;81,58
2980;299,868598029072;82,99
3025;298,920169678438;81,67
3070;305,325134325765;81,49
3116;301,722509176778;81,67
3161;300,687074106093;82,37
3206;306,16524347357;80,51
3251;300,310764530375;83,08
3296;306,157086775345;82,64
3341;305,51898508393;80,69
3387;303,935657279232;81,31
3432;304,417022777199;80,51
3477;303,76465963609;81,13
3522;304,657024346657;81,93
3567;306,017296227385;81,05
3612;305,579217348633;81,84
3657;304,419788820138;81,31
3703;304,641725196494;80,78
3748;304,274682231421;80,69
3793;306,501275828138;81,05
3838;305,099785401142;80,78
3883;312,800296262605;81,40
3928;305,654551245647;81,58
3974;303,804937881149;81,13
4019;305,350792560942;81,93
4064;305,745918840465;81,13
4109;302,616307022973;83,17
4154;315,795797399283;81,05
4199;307,812931357733;81,31
4245;302,845675328356;84,50
4290;307,768643803818;81,93
4335;306,95108045991;81,58
4380;302,212782518377;81,75
4425;304,360094603124;83,26
4470;304,696804236798;81,49
4516;304,211573906609;80,78
