Algorytm : BackPropagationLearning
Test : Liczba neuronów w pierwszej warstwie
Czas nauki - 200 epok
Liczba danych do nauki - 29720
Liczba danych do testow - 6087
Wyniki : 
liczba neuronow;learning rate;wynik
1;1733,18751371204;69,82
2;1650,17328563059;68,85
3;1641,02533800246;68,79
4;1605,5522602927;70,53
5;1596,57177300781;71,60
6;1569,64725787532;73,02
7;1559,5732677244;72,91
8;1561,35935755214;72,78
9;1544,85375623944;73,48
10;1543,22529684603;71,56
11;1553,71398888928;72,63
12;1537,4288870505;73,32
13;1548,78744321343;72,24
14;1526,0941986961;72,15
Algorytm : BackPropagationLearning
Test : Czas nauki liczony w epokach
Liczba neuronow w pierwszej warstwie - 4
Liczba danych do nauki - 29720
Liczba danych do testow - 6087
Wyniki : 
10;69,66
20;69,36
30;68,11
40;70,46
50;71,27
60;70,74
70;68,24
80;70,02
90;68,49
100;69,87
110;70,41
120;70,49
130;70,59
140;70,36
150;71,92
160;72,04
170;70,99
180;72,29
190;70,71
200;70,72
210;70,72
220;71,32
230;70,81
240;72,52
250;68,80
260;71,12
270;70,68
280;71,74
290;71,71
300;71,60
310;71,20
320;70,02
330;74,19
340;71,14
350;69,99
360;70,20
370;72,68
380;71,27
390;73,32
400;71,53
410;71,37
420;72,83
430;70,82
440;70,87
450;69,97
460;71,00
470;70,89
480;71,55
490;73,06
500;69,89
510;71,28
520;72,22
530;70,36
540;70,68
550;70,59
560;72,60
570;72,70
580;70,86
590;70,03
600;70,64
610;71,35
620;71,51
630;71,50
640;70,46
650;71,20
660;70,94
670;70,92
680;71,43
690;72,91
700;69,67
710;71,30
720;72,15
730;70,13
740;73,01
750;72,22
760;70,05
770;72,89
780;71,37
790;71,27
800;70,31
810;74,06
820;70,49
830;69,87
840;72,83
850;71,94
860;70,86
870;70,10
880;71,27
890;72,66
900;71,22
910;70,81
920;69,99
930;69,95
940;70,35
950;71,23
960;70,53
970;70,77
980;71,27
990;70,77
1000;70,74
Algorytm : BackPropagationLearning
Test : Ilosc poprawnych oszacowan z rzedu
Liczba neuronow w pierwszej warstwie - 4
Max czas nauki - 2000 epok
Liczba danych do nauki - 29720
Liczba danych do testow - 6087
Wyniki : 
ilosc poprawnych oszacowan;czas nauki;wynik
1;1 epoch;50,30
2;1 epoch;50,30
3;2000 epoch;68,67
4;2000 epoch;69,80
5;2000 epoch;70,64
6;2000 epoch;69,59
7;2000 epoch;72,76
8;2000 epoch;72,71
Algorytm : BackPropagationLearning
Test : Ilosc danych do nauki
Liczba neuronow w pierwszej warstwie - 4
Max czas nauki - 200 epok
Liczba danych do testow - 6087
Wyniki : 
ilosc danych;learning rate;wynik
297;1580,75580584725;71,91
594;1596,38558582434;72,53
891;1606,32974075152;70,71
1188;1589,7633305888;70,18
1486;1604,68339918196;70,74
1783;1599,92563533905;68,51
2080;1600,37244499331;71,66
2377;1604,27252802238;71,17
2674;1601,57639579637;72,45
2972;1607,26004994526;70,56
3269;1607,42859174454;70,77
3566;1585,3402646656;71,99
3863;1614,24279937338;70,77
4160;1595,67792471687;72,79
4458;1606,43944046505;70,81
4755;1605,97628412512;70,76
5052;1606,83417462654;70,56
5349;1591,17813958562;70,53
5646;1605,40279418023;70,79
5944;1591,78320045469;72,42
6241;1611,38714046251;70,99
6538;1603,41275050578;71,17
6835;1607,06662336927;70,94
7132;1607,12588272707;70,69
7430;1618,91359758732;70,71
7727;1599,47050527063;72,33
8024;1606,18375766816;70,82
8321;1606,73255531738;70,81
8618;1608,30042258205;70,63
8916;1607,47505856063;70,74
9213;1591,59589060785;70,59
9510;1610,00305277281;70,63
9807;1605,25412328552;70,45
10104;1591,71974997718;71,07
10402;1593,50787487083;71,32
10699;1614,35657569222;69,84
10996;1603,00062861047;71,25
11293;1599,1389837251;72,19
11590;1627,08500992208;70,23
11888;1608,36249525405;70,66
12185;1617,24043086944;70,66
12482;1605,05616856219;70,89
12779;1583,3950066242;71,92
13076;1595,40794461762;71,30
13374;1603,5251867612;71,27
13671;1596,42457747125;72,32
13968;1596,2778273127;72,15
14265;1591,74752526127;70,49
14562;1604,11021510498;70,17
14860;1590,1493630839;70,71
15157;1623,95239938589;69,48
15454;1609,19292430815;70,91
15751;1609,6755201184;71,46
16048;1581,21128030002;71,87
16346;1608,49429916187;70,61
16643;1581,28404551248;72,04
16940;1601,60425631884;72,04
17237;1602,04682863405;71,71
17534;1607,58073024819;70,81
17832;1584,49676535878;72,15
18129;1582,67316006467;71,94
18426;1582,1117167194;71,99
18723;1591,2126351359;70,66
19020;1582,62477834145;71,97
19318;1611,50916836989;71,12
19615;1590,65447265965;70,77
19912;1582,77856230448;71,89
20209;1608,8869587919;71,22
20506;1590,03921257931;69,53
20804;1590,71812511566;70,81
21101;1590,52285926889;70,81
21398;1600,03018947829;71,41
21695;1598,84590982333;72,24
21992;1609,65170332035;69,89
22290;1614,40674458562;69,71
22587;1588,9298081133;70,72
22884;1582,48389532863;71,99
23181;1614,72544594796;69,76
23478;1620,95850862349;69,76
23776;1607,23907502772;72,09
24073;1595,41995471245;68,95
24370;1606,11873288107;70,89
24667;1590,94192316309;71,38
24964;1617,8254873365;69,43
25262;1607,67869975832;71,02
25559;1600,92682537735;71,74
25856;1614,16521413597;69,02
26153;1599,07930212713;72,17
26450;1617,15751425703;71,45
26748;1606,80123323166;70,86
27045;1608,78913969609;71,12
27342;1590,69151364638;70,82
27639;1644,06330822181;67,03
27936;1607,44965035751;70,59
28234;1591,26541554383;70,86
28531;1609,77572490607;70,51
28828;1607,9341712726;70,77
29125;1608,40344126727;71,17
29422;1605,74142734153;70,64
29720;1588,17472906993;69,76
